20
3
0 990 692
990 0 179
692 179 0
6
0 13 9999 9999 39 27
13 0 7 9999 9999 28
9999 7 0 7 9999 2
9999 9999 7 0 36 14
39 9999 9999 36 0 34
27 28 2 14 34 0
3
0 83 99
83 0 61
99 61 0
4
0 19 29 44
19 0 34 95
29 34 0 93
44 95 93 0
5
0 21 98 74 95
21 0 53 41 15
98 53 0 90 61
74 41 90 0 72
95 15 61 72 0
6
0 20 54 46 14 57
20 0 60 30 19 31
54 60 0 76 85 23
46 30 76 0 88 99
14 19 85 88 0 28
57 31 23 99 28 0
7
0 82 48 45 81 74 14
82 0 60 16 48 89 41
48 60 0 41 19 50 47
45 16 41 0 56 94 78
81 48 19 56 0 74 34
74 89 50 94 74 0 93
14 41 47 78 34 93 0
8
0 37 52 84 82 45 68 64
37 0 91 19 81 14 90 89
52 91 0 48 5 32 42 44
84 19 48 0 27 80 26 79
82 81 5 27 0 55 58 57
45 14 32 80 55 0 30 34
68 90 42 26 58 30 0 65
64 89 44 79 57 34 65 0
9
0 3 10 63 77 44 24 100 9999
3 0 63 72 36 15 8 89 84
10 63 0 31 55 63 96 91 100
63 72 31 0 95 94 80 92 88
77 36 55 95 0 9 99 5 82
44 15 63 94 9 0 48 34 14
24 8 96 80 99 48 0 78 12
100 89 91 92 5 34 78 0 89
9999 84 100 88 82 14 12 89 0
10
0 56 73 58 25 79 78 98 8 90
56 0 94 82 93 100 65 26 85 24
73 94 0 30 91 45 63 97 66 86
58 82 30 0 15 57 84 33 73 32
25 93 91 15 0 88 66 60 72 37
79 100 45 57 88 0 99 84 91 41
78 65 63 84 66 99 0 28 89 32
98 26 97 33 60 84 28 0 14 67
8 85 66 73 72 91 89 14 0 9999
90 24 86 32 37 41 32 67 9999 0
11
0 92 37 84 21 87 89 24 28 31 35
92 0 49 38 8 6 63 99 23 32 4
37 49 0 74 14 3 32 68 75 57 50
84 38 74 0 35 45 29 36 75 24 92
21 8 14 35 0 63 76 37 98 86 16
87 6 3 45 63 0 100 98 26 92 19
89 63 32 29 76 100 0 20 64 25 52
24 99 68 36 37 98 20 0 43 6 83
28 23 75 75 98 26 64 43 0 95 63
31 32 57 24 86 92 25 6 95 0 54
35 4 50 92 16 19 52 83 63 54 0
12
0 23 97 30 42 26 54 8 59 86 52 81
23 0 54 93 15 72 79 26 41 17 3 65
97 54 0 100 81 36 60 50 74 72 87 90
30 93 100 0 18 10 1 47 40 95 88 73
42 15 81 18 0 59 55 16 30 50 34 49
26 72 36 10 59 0 46 100 85 40 37 66
54 79 60 1 55 46 0 89 6 73 33 53
8 26 50 47 16 100 89 0 66 52 50 9999
59 41 74 40 30 85 6 66 0 23 47 75
86 17 72 95 50 40 73 52 23 0 95 89
52 3 87 88 34 37 33 50 47 95 0 24
81 65 90 73 49 66 53 9999 75 89 24 0
13
0 83 79 19 96 86 57 30 91 48 90 50 16
83 0 53 86 80 60 77 63 63 18 5 24 35
79 53 0 69 1 73 72 2 73 3 98 13 87
19 86 69 0 24 29 55 98 9999 96 5 19 41
96 80 1 24 0 100 45 45 13 11 73 76 67
86 60 73 29 100 0 90 23 8 4 62 30 32
57 77 72 55 45 90 0 44 83 63 59 69 69
30 63 2 98 45 23 44 0 1 78 66 92 85
91 63 73 9999 13 8 83 1 0 27 60 32 35
48 18 3 96 11 4 63 78 27 0 62 78 12
90 5 98 5 73 62 59 66 60 62 0 90 37
50 24 13 19 76 30 69 92 32 78 90 0 29
16 35 87 41 67 32 69 85 35 12 37 29 0
14
0 57 9999 37 55 89 91 94 65 42 67 5 17 6
57 0 89 56 85 47 20 28 68 48 77 71 18 55
9999 89 0 24 49 96 19 16 89 100 65 25 54 91
37 56 24 0 57 75 95 41 85 38 67 69 92 0
55 85 49 57 0 25 30 78 44 13 7 41 9999 44
89 47 96 75 25 0 51 63 18 66 96 72 31 53
91 20 19 95 30 51 0 4 13 71 72 19 34 30
94 28 16 41 78 63 4 0 49 89 18 66 57 56
65 68 89 85 44 18 13 49 0 90 88 90 74 80
42 48 100 38 13 66 71 89 90 0 98 21 77 25
67 77 65 67 7 96 72 18 88 98 0 35 82 32
5 71 25 69 41 72 19 66 90 21 35 0 20 10
17 18 54 92 9999 31 34 57 74 77 82 20 0 77
6 55 91 4 44 53 30 56 80 25 32 10 77 0
15
0 40 15 77 74 4 46 73 32 69 91 59 18 26 33
40 0 66 79 40 50 17 76 46 98 47 42 61 83 16
15 66 0 66 84 82 9999 20 67 27 75 64 3 89 71
77 79 66 0 26 11 96 23 85 93 92 65 41 76 69
74 40 84 26 0 98 28 96 68 31 14 91 99 44 66
4 50 82 11 98 0 66 39 25 23 76 87 20 31 14
46 17 9999 96 28 66 0 48 83 63 20 58 43 11 87
73 76 20 23 96 39 48 0 84 86 51 51 4 84 82
32 46 67 85 68 25 83 84 0 23 10 36 88 30 94
69 98 27 93 31 23 63 86 23 0 53 79 42 47 9
91 47 75 92 14 76 20 51 10 53 0 86 12 12 14
0 42 64 65 91 87 58 51 36 79 86 0 39 8 74
18 61 3 41 99 20 43 4 88 42 12 39 0 41 59
26 83 89 76 44 31 11 84 30 47 12 8 41 0 26
33 16 71 69 66 14 87 82 94 9 14 74 59 26 0
16
0 56 38 69 85 94 93 93 76 47 81 35 22 35 14 3
56 0 20 12 50 72 43 44 71 92 42 23 55 29 41 95
38 20 0 16 7 21 48 63 82 63 49 66 19 20 34 91
69 12 16 0 95 44 56 14 68 100 8 35 59 54 100 12
85 50 7 95 0 37 8 65 94 41 66 75 100 35 50 15
94 72 21 44 37 0 64 95 22 58 73 16 100 17 44 88
93 43 48 56 8 64 0 28 51 93 1 36 88 52 25 67
93 44 63 14 65 95 28 0 77 3 75 25 30 17 56 92
76 71 82 68 94 22 51 77 0 52 45 9999 52 26 79 79
47 92 63 100 41 58 93 3 52 0 50 36 94 70 12 71
81 42 49 8 66 73 1 75 45 50 0 59 68 30 81 54
35 23 66 35 75 16 36 25 9999 36 59 0 90 14 65 49
22 55 19 59 100 100 88 30 52 94 68 90 0 13 86 21
35 29 20 54 35 17 52 17 26 70 30 14 13 0 98 60
14 41 34 100 50 44 25 56 79 12 81 65 86 98 0 94
3 95 91 12 15 88 67 92 79 71 54 49 21 60 94 0
17
0 35 61 3 64 1 48 26 80 9 53 57 6 4 69 94 29
35 0 28 20 44 58 46 51 75 43 46 40 48 72 71 88 30
61 28 0 48 28 93 73 24 62 43 81 32 42 10 40 39 51
3 20 48 0 6 93 84 100 48 62 36 66 76 79 88 84 71
64 44 28 6 0 44 82 48 35 91 57 69 66 65 10 77 62
1 58 93 93 44 0 25 81 64 94 23 51 78 86 99 90 81
48 46 73 84 82 25 0 46 55 69 33 11 63 85 52 13 12
26 51 24 100 48 81 46 0 46 41 81 66 46 77 94 79 42
80 75 62 48 35 64 55 46 0 95 72 64 73 26 44 82 87
9 43 43 62 91 94 69 41 95 0 32 65 91 50 48 27 32
53 46 81 36 57 23 33 81 72 32 0 85 61 95 42 64 18
57 40 32 66 69 51 11 66 64 65 85 0 22 17 60 79 45
6 48 42 76 66 78 63 46 73 91 61 22 0 39 38 7 91
4 72 10 79 65 86 85 77 26 50 95 17 39 0 39 10 16
69 71 40 88 10 99 52 94 44 48 42 60 38 39 0 75 99
94 88 39 84 77 90 13 79 82 27 64 79 7 10 75 0 9999
29 30 51 71 62 81 12 42 87 32 18 45 91 16 99 9999 0
18
0 74 24 65 26 41 38 56 74 49 83 49 15 48 84 61 99 92
74 0 21 41 92 43 24 83 5 23 58 24 61 75 91 79 10 47
24 21 0 77 5 91 80 56 72 33 48 20 8 78 39 94 36 61
65 41 77 0 23 55 57 94 43 1 87 43 60 42 43 19 93 94
26 92 5 23 0 28 58 79 10 9 25 91 6 54 100 67 70 14
41 43 91 55 28 0 46 50 43 55 86 21 18 42 7 52 65 63
38 24 80 57 58 46 0 39 54 69 73 43 21 77 58 62 36 22
56 83 56 94 79 50 39 0 69 37 52 45 49 41 91 79 86 36
74 5 72 43 10 43 54 69 0 84 100 61 79 10 25 86 98 25
49 23 33 1 9 55 69 37 84 0 98 55 31 6 96 16 83 91
83 58 48 87 25 86 73 52 100 98 0 12 73 53 44 58 77 63
49 24 20 43 91 21 43 45 61 55 12 0 89 2 84 52 10 82
15 61 8 60 6 18 21 49 79 31 73 89 0 93 66 40 70 93
48 75 78 42 54 42 77 41 10 6 53 2 93 0 98 50 75 5
84 91 39 43 100 7 58 91 25 96 44 84 66 98 0 12 58 51
61 79 94 19 67 52 62 79 86 16 58 52 40 50 12 0 23 45
99 10 36 93 70 65 36 86 98 83 77 10 70 75 58 23 0 89
92 47 61 94 14 63 22 36 25 91 63 82 93 5 51 45 89 0
19
0 65 51 79 88 23 84 41 98 1 40 63 47 66 15 6 25 50 100
65 0 21 22 50 89 83 7 6 95 66 22 91 46 33 37 7 37 16
51 21 0 26 90 84 27 53 67 7 45 83 33 37 64 15 32 38 8
79 22 26 0 95 67 13 33 47 74 64 46 74 58 35 28 66 24 32
88 50 90 95 0 22 97 72 84 39 92 87 100 35 92 48 100 69 61
23 89 84 67 22 0 8 17 10 69 97 58 69 57 12 93 24 27 3
84 83 27 13 97 8 0 56 55 28 60 48 6 17 83 19 56 10 27
41 7 53 33 72 17 56 0 17 56 94 21 56 8 96 20 18 36 14
98 6 67 47 84 10 55 17 0 98 55 65 38 10 93 20 77 86 1
1 95 7 74 39 69 28 56 98 0 3 64 50 16 56 86 7 48 3
40 66 45 64 92 97 60 94 55 3 0 50 23 58 84 24 48 48 74
63 22 83 46 87 58 48 21 65 64 50 0 57 51 46 45 99 45 38
47 91 33 74 100 69 6 56 38 50 23 57 0 20 92 64 85 7 10
66 46 37 58 35 57 17 8 10 16 58 51 20 0 40 81 66 39 6
15 33 64 35 92 12 83 96 93 56 84 46 92 40 0 82 54 28 13
6 37 15 28 48 93 19 20 20 86 24 45 64 81 82 0 70 93 90
25 7 32 66 100 24 56 18 77 7 48 99 85 66 54 70 0 26 63
50 37 38 24 69 27 10 36 86 48 48 45 7 39 28 93 26 0 36
100 16 8 32 61 3 27 14 1 3 74 38 10 6 13 90 63 36 0
20
0 13 39 41 88 67 35 59 84 71 23 37 24 72 11 83 31 38 58 52
13 0 32 36 22 2 54 89 91 11 34 35 99 71 73 49 54 71 40 95
39 32 0 36 63 98 90 49 20 24 61 6 84 67 91 42 76 39 9 69
41 36 36 0 91 14 57 85 100 18 88 81 53 52 92 2 85 60 84 100
88 22 63 91 0 81 53 49 74 9 37 47 61 77 37 76 93 98 95 48
67 2 98 14 81 0 87 70 23 57 22 89 15 70 73 46 86 18 10 78
35 54 90 57 53 87 0 79 88 99 40 17 17 48 89 21 96 19 49 64
59 89 49 85 49 70 79 0 19 45 68 74 67 66 89 28 93 53 45 1
84 91 20 100 74 23 88 19 0 1 45 61 75 17 60 38 11 8 79 87
71 11 24 18 9 57 99 45 1 0 75 57 90 95 91 47 86 78 47 92
23 34 61 88 37 22 40 68 45 75 0 15 19 47 94 7 85 68 68 100
37 35 6 81 47 89 17 74 61 57 15 0 41 14 40 98 83 24 36 18
24 99 84 53 61 15 17 67 75 90 19 41 0 79 63 64 56 95 33 26
72 71 67 52 77 70 48 66 17 95 47 14 79 0 92 51 18 27 84 82
11 73 91 92 37 73 89 89 60 91 94 40 63 92 0 96 33 69 31 52
83 49 42 2 76 46 21 28 38 47 7 98 64 51 96 0 82 7 49 58
31 54 76 85 93 86 96 93 11 86 85 83 56 18 33 82 0 83 97 45
38 71 39 60 98 18 19 53 8 78 68 24 95 27 69 7 83 0 39 7
58 40 9 84 95 10 49 45 79 47 68 36 33 84 31 49 97 39 0 58
52 95 69 100 48 78 64 1 87 92 100 18 26 82 52 58 45 7 58 0
